[gd_scene load_steps=19 format=3 uid="uid://vxhkes0qilc"]

[ext_resource type="PackedScene" uid="uid://dt1nnm20lhmva" path="res://Level2/Hospital Resources/Furniture/Scenes/Ceiling_Light.tscn" id="1_txwvt"]
[ext_resource type="MeshLibrary" uid="uid://cnnbdppqbaeyr" path="res://Level2/Hospital Resources/MapTiles/TileSets/WallTileSet.tres" id="2_uo5y2"]
[ext_resource type="MeshLibrary" uid="uid://cc3bsn03dato7" path="res://Level2/Hospital Resources/MapTiles/TileSets/FloorTileSet.tres" id="3_e1si5"]
[ext_resource type="MeshLibrary" uid="uid://dwcjkt8pnd2up" path="res://Level2/Hospital Resources/MapTiles/TileSets/CeilingTileSet.tres" id="4_dc1hi"]
[ext_resource type="PackedScene" uid="uid://deqc8dmibx7me" path="res://Level2/Hospital Resources/Furniture/Scenes/Door_1.tscn" id="5_ph1bj"]
[ext_resource type="PackedScene" uid="uid://bc78t37nce5h6" path="res://Level2/Hospital Resources/Furniture/Scenes/Door_swing.tscn" id="6_2fcvd"]
[ext_resource type="PackedScene" uid="uid://cqhowgbdngest" path="res://Level2/Hospital Resources/Furniture/Scenes/bed.tscn" id="7_wtdue"]
[ext_resource type="PackedScene" uid="uid://cgkfhwyyuadt6" path="res://Level2/Hospital Resources/Furniture/Scenes/bench.tscn" id="8_ybued"]
[ext_resource type="PackedScene" uid="uid://18ovryw4212w" path="res://Level2/Hospital Resources/Furniture/Scenes/magazine.tscn" id="9_vvlhu"]
[ext_resource type="PackedScene" uid="uid://c10jvru2d8pbc" path="res://Level2/Hospital Resources/Furniture/Scenes/exit_sign.tscn" id="10_5i5xr"]
[ext_resource type="PackedScene" uid="uid://dnibwn5ca7574" path="res://Level2/Hospital Resources/Furniture/Scenes/chair.tscn" id="11_aiged"]
[ext_resource type="PackedScene" uid="uid://dh6oc8hlpqf8i" path="res://Level2/Hospital Resources/Furniture/Scenes/wheelchair.tscn" id="12_c6w0w"]
[ext_resource type="PackedScene" uid="uid://b2djufa1p4m78" path="res://Level2/Hospital Resources/Furniture/Scenes/iv_bag_holder.tscn" id="13_grit4"]
[ext_resource type="PackedScene" uid="uid://barasq1cbx0j1" path="res://Level2/Hospital Resources/Furniture/Scenes/iv_bag_and_holder.tscn" id="14_ijwwv"]
[ext_resource type="PackedScene" uid="uid://d2f4x5eh6rol2" path="res://Level2/Hospital Resources/Furniture/Scenes/cabinet_1.tscn" id="15_xfcoq"]
[ext_resource type="PackedScene" uid="uid://cflx3qo12bt62" path="res://Level2/Hospital Resources/Furniture/Scenes/cabinet_2.tscn" id="16_3r6xq"]
[ext_resource type="PackedScene" uid="uid://bly76yxplxenc" path="res://Level2/Hospital Resources/Furniture/Scenes/cabinet_3.tscn" id="17_dlava"]
[ext_resource type="PackedScene" uid="uid://0ydw0i10ly35" path="res://Level2/Hospital Resources/Furniture/Scenes/table.tscn" id="18_ro8hc"]

[node name="Hospital" type="Node3D"]

[node name="Lighing" type="Node3D" parent="."]
transform = Transform3D(1, 0, 0, 0, 1, 0, 0, 0, 1, 0, -1.24863, 0)

[node name="Ceiling_Light" parent="Lighing" instance=ExtResource("1_txwvt")]
transform = Transform3D(1, 0, 0, 0, 1, 0, 0, 0, 1, -5.00854, 3.671, 24.1332)

[node name="Ceiling_Light2" parent="Lighing" instance=ExtResource("1_txwvt")]
transform = Transform3D(1, 0, 0, 0, 1, 0, 0, 0, 1, 12.032, 3.671, 24.0418)

[node name="Ceiling_Light3" parent="Lighing" instance=ExtResource("1_txwvt")]
transform = Transform3D(1, 0, 0, 0, 1, 0, 0, 0, 1, -4.95697, 3.671, 36.9677)

[node name="Ceiling_Light6" parent="Lighing" instance=ExtResource("1_txwvt")]
transform = Transform3D(1, 0, 0, 0, 1, 0, 0, 0, 1, -4.95697, 3.671, 47.9339)

[node name="Ceiling_Light7" parent="Lighing" instance=ExtResource("1_txwvt")]
transform = Transform3D(1, 0, 0, 0, 1, 0, 0, 0, 1, -11.035, 3.671, 32.1627)

[node name="Ceiling_Light8" parent="Lighing" instance=ExtResource("1_txwvt")]
transform = Transform3D(1, 0, 0, 0, 1, 0, 0, 0, 1, -10.9831, 3.671, 42.9556)

[node name="Ceiling_Light9" parent="Lighing" instance=ExtResource("1_txwvt")]
transform = Transform3D(1, 0, 0, 0, 1, 0, 0, 0, 1, -19.0094, 3.671, 32.0201)

[node name="Ceiling_Light10" parent="Lighing" instance=ExtResource("1_txwvt")]
transform = Transform3D(1, 0, 0, 0, 1, 0, 0, 0, 1, -19.0029, 3.671, 42.9727)

[node name="Ceiling_Light4" parent="Lighing" instance=ExtResource("1_txwvt")]
transform = Transform3D(1, 0, 0, 0, 1, 0, 0, 0, 1, 11.1427, 3.68644, 15.0126)

[node name="Ceiling_Light5" parent="Lighing" instance=ExtResource("1_txwvt")]
transform = Transform3D(1, 0, 0, 0, 1, 0, 0, 0, 1, -5.00964, 3.671, 14.9517)

[node name="Ceiling_Light15" parent="Lighing" instance=ExtResource("1_txwvt")]
transform = Transform3D(1, 0, 0, 0, 1, 0, 0, 0, 1, -17.2711, 3.671, 49.864)

[node name="Ceiling_Light16" parent="Lighing" instance=ExtResource("1_txwvt")]
transform = Transform3D(1, 0, 0, 0, 1, 0, 0, 0, 1, 2.03488, 3.671, 44.9831)

[node name="Ceiling_Light19" parent="Lighing" instance=ExtResource("1_txwvt")]
transform = Transform3D(1, 0, 0, 0, 1, 0, 0, 0, 1, 9.96137, 3.671, 45.0315)

[node name="Ceiling_Light21" parent="Lighing" instance=ExtResource("1_txwvt")]
transform = Transform3D(1, 0, 0, 0, 1, 0, 0, 0, 1, 9.96137, 3.671, 34.075)

[node name="Ceiling_Light20" parent="Lighing" instance=ExtResource("1_txwvt")]
transform = Transform3D(1, 0, 0, 0, 1, 0, 0, 0, 1, 9.96858, 3.671, 51.9962)

[node name="Ceiling_Light18" parent="Lighing" instance=ExtResource("1_txwvt")]
transform = Transform3D(1, 0, 0, 0, 1, 0, 0, 0, 1, 2.03488, 3.671, 51.8992)

[node name="Ceiling_Light17" parent="Lighing" instance=ExtResource("1_txwvt")]
transform = Transform3D(1, 0, 0, 0, 1, 0, 0, 0, 1, 2.03488, 3.671, 33.992)

[node name="Map" type="Node3D" parent="."]

[node name="Wall" type="GridMap" parent="Map"]
mesh_library = ExtResource("2_uo5y2")
cell_size = Vector3(1, 0.1, 1)
cell_center_x = false
cell_center_y = false
cell_center_z = false
data = {
"cells": PackedInt32Array(0, 65533, 1048580, 0, 65535, 1048580, 0, 1, 1048580, 0, 3, 1048580, 0, 5, 1048580, 0, 7, 1048580, 0, 9, 1048580, 65535, 10, 4, 65533, 10, 4, 65531, 10, 4, 65529, 10, 4, 65528, 11, 1441796, 65528, 13, 1441796, 65528, 15, 1441796, 65528, 17, 1048580, 65528, 19, 1048580, 65528, 21, 1048580, 65528, 23, 1048580, 65528, 25, 1048580, 65528, 27, 1048580, 65528, 29, 1048580, 65527, 30, 4, 65525, 30, 4, 65523, 30, 4, 65521, 30, 4, 65519, 30, 4, 65517, 30, 4, 65515, 30, 4, 65514, 31, 1441796, 65514, 33, 1441796, 65514, 35, 1441796, 65514, 37, 1441796, 65514, 39, 1441796, 65514, 41, 1441796, 65514, 43, 1441796, 65514, 45, 1441796, 65514, 47, 1441796, 65514, 49, 1441796, 65514, 51, 1441796, 65514, 53, 1441796, 65514, 55, 1441796, 65514, 57, 1441796, 6, 65533, 1441796, 6, 65535, 1441796, 6, 1, 1441796, 6, 3, 1441796, 6, 5, 1441796, 6, 7, 1441796, 6, 9, 1441796, 7, 10, 655364, 9, 10, 655364, 11, 10, 655364, 13, 10, 655364, 14, 11, 1048580, 14, 13, 1048580, 14, 15, 1048580, 14, 17, 1048580, 15, 18, 4, 17, 18, 4, 19, 18, 4, 21, 18, 4, 23, 18, 4, 24, 19, 1441796, 24, 21, 1441796, 24, 23, 1441796, 23, 24, 655364, 21, 24, 655364, 19, 24, 655364, 17, 24, 655364, 15, 24, 655364, 14, 25, 1048580, 14, 27, 1048580, 14, 29, 1048580, 14, 31, 1048580, 14, 33, 1048580, 14, 35, 1048580, 14, 37, 1048580, 14, 39, 1048580, 14, 41, 1048580, 14, 43, 1048580, 14, 45, 1048580, 14, 47, 1048580, 14, 49, 1048580, 14, 51, 1048580, 14, 53, 1048580, 14, 55, 1048580, 14, 57, 1048580, 65534, 58, 4, 13, 58, 4, 11, 58, 4, 9, 58, 4, 7, 58, 4, 5, 58, 4, 3, 58, 4, 1, 58, 4, 65535, 58, 4, 65533, 58, 4, 65531, 58, 4, 65529, 58, 4, 65527, 58, 4, 65515, 58, 4, 65517, 58, 4, 65519, 58, 4, 65521, 58, 4, 65523, 58, 4, 65525, 58, 4, 13, 30, 655364, 11, 30, 655364, 9, 30, 655364, 7, 30, 655364, 5, 30, 655364, 3, 30, 655364, 1, 30, 655364, 65535, 30, 655364, 65534, 31, 1048580, 65534, 37, 1048580, 65534, 39, 1048580, 65534, 41, 1048580, 65534, 43, 1048580, 65534, 45, 1048580, 65534, 47, 1048580, 65534, 49, 1048580, 65534, 51, 1441792, 65534, 53, 1048580, 65534, 55, 1048580, 65534, 57, 1048580, 65528, 31, 1048580, 65528, 33, 1048580, 65528, 35, 1048580, 65528, 41, 1048580, 65528, 43, 1048580, 65528, 45, 1048580, 65528, 47, 1048580, 65528, 55, 1048580, 65528, 57, 1048580, 65515, 46, 4, 65517, 46, 4, 65519, 46, 4, 65521, 46, 4, 65523, 46, 4, 65525, 46, 4, 65527, 46, 4, 65528, 52, 1048576, 65535, 38, 4, 1, 38, 3, 3, 38, 4, 4, 38, 4, 5, 37, 1441796, 5, 35, 1441796, 5, 33, 1441796, 5, 31, 1441796, 65531, 30, 655361, 65533, 30, 655362, 65532, 30, 655362, 65529, 30, 655362, 65528, 30, 655362, 14, 23, 1048578, 14, 18, 1048578, 5, 65532, 4, 1, 65532, 4, 65534, 33, 1441796, 65534, 35, 1441792, 14, 21, 1048576, 14, 19, 1048578, 14, 22, 1048578, 65528, 51, 1441794, 65528, 53, 1048578, 65528, 49, 1048580, 65528, 38, 1048577, 65528, 36, 1048578, 65528, 40, 1441794, 3, 65532, 655361)
}
metadata/_editor_floor_ = Vector3(0, 0, 0)

[node name="Floor" type="GridMap" parent="Map"]
mesh_library = ExtResource("3_e1si5")
cell_size = Vector3(2, 0.1, 2)
data = {
"cells": PackedInt32Array(0, 65534, 655361, 0, 65535, 655361, 0, 0, 655361, 0, 1, 655361, 0, 2, 655361, 0, 3, 655361, 0, 4, 655361, 1, 65534, 655361, 1, 65535, 655361, 1, 0, 655361, 1, 1, 655361, 1, 2, 655361, 1, 3, 655361, 1, 4, 655361, 0, 5, 655361, 1, 5, 655361, 2, 65534, 655361, 2, 65535, 655361, 2, 0, 655361, 2, 1, 655361, 2, 2, 655361, 2, 3, 655361, 2, 4, 655361, 2, 5, 655361, 0, 6, 655361, 0, 7, 655361, 0, 8, 655361, 1, 6, 655361, 1, 7, 655361, 1, 8, 655361, 2, 6, 655361, 2, 7, 655361, 2, 8, 655361, 65533, 5, 655361, 65533, 6, 655361, 65533, 7, 655361, 65533, 8, 655361, 65533, 9, 655361, 65533, 10, 655361, 65533, 11, 655361, 65533, 12, 655361, 65533, 13, 655361, 65533, 14, 655361, 65534, 5, 655361, 65534, 6, 655361, 65534, 7, 655361, 65534, 8, 655361, 65534, 9, 655361, 65534, 10, 655361, 65534, 11, 655361, 65534, 12, 655361, 65534, 13, 655361, 65534, 14, 655361, 65535, 5, 655361, 65535, 6, 655361, 65535, 7, 655361, 65535, 8, 655361, 65535, 9, 655361, 65535, 10, 655361, 65535, 11, 655361, 65535, 12, 655361, 65535, 13, 655361, 65535, 14, 655361, 0, 9, 655361, 0, 10, 655361, 0, 11, 655361, 0, 12, 655361, 0, 13, 655361, 0, 14, 655361, 1, 9, 655361, 1, 10, 655361, 1, 11, 655361, 1, 12, 655361, 1, 13, 655361, 1, 14, 655361, 2, 9, 655361, 2, 10, 655361, 2, 11, 655361, 2, 12, 655361, 2, 13, 655361, 3, 5, 655361, 3, 6, 655361, 3, 7, 655361, 3, 8, 655361, 3, 9, 655361, 3, 10, 655361, 3, 11, 655361, 3, 12, 655361, 3, 13, 655361, 4, 5, 655361, 4, 6, 655361, 4, 7, 655361, 4, 8, 655361, 4, 9, 655361, 4, 10, 655361, 4, 11, 655361, 4, 12, 655361, 4, 13, 655361, 5, 5, 655361, 5, 6, 655361, 5, 7, 655361, 5, 8, 655361, 5, 9, 655361, 5, 10, 655361, 5, 11, 655361, 5, 12, 655361, 5, 13, 655361, 5, 14, 655361, 6, 5, 655361, 6, 6, 655361, 6, 7, 655361, 6, 8, 655361, 6, 9, 655361, 6, 10, 655361, 6, 11, 655361, 6, 12, 655361, 6, 13, 655361, 6, 14, 655361, 65532, 5, 655361, 65532, 6, 655361, 65532, 7, 655361, 65532, 8, 655361, 65532, 9, 655361, 65532, 10, 655361, 65532, 11, 655361, 65532, 12, 655361, 65532, 13, 655361, 65532, 14, 655361, 65532, 15, 655361, 65532, 16, 655361, 65532, 17, 655361, 65532, 18, 655361, 65532, 19, 655361, 65532, 20, 655361, 65532, 21, 655361, 65532, 22, 655361, 65532, 23, 655361, 65532, 24, 655361, 65532, 25, 655361, 65532, 26, 655361, 65532, 27, 655361, 65532, 28, 655361, 65533, 15, 655361, 65533, 16, 655361, 65533, 17, 655361, 65533, 18, 655361, 65533, 19, 655361, 65533, 20, 655361, 65533, 21, 655361, 65533, 22, 655361, 65533, 23, 655361, 65533, 24, 655361, 65533, 25, 655361, 65533, 26, 655361, 65533, 27, 655361, 65533, 28, 655361, 65534, 15, 655361, 65534, 16, 655361, 65534, 17, 655361, 65534, 18, 655361, 65534, 19, 655361, 65534, 20, 655361, 65534, 21, 655361, 65534, 22, 655361, 65534, 23, 655361, 65534, 24, 655361, 65534, 25, 655361, 65534, 26, 655361, 65534, 27, 655361, 65534, 28, 655361, 7, 9, 655360, 7, 10, 655360, 7, 11, 655360, 8, 9, 655360, 8, 10, 655360, 8, 11, 655360, 9, 9, 655360, 9, 10, 655360, 9, 11, 655360, 10, 9, 655360, 10, 10, 655360, 10, 11, 655360, 11, 9, 655360, 11, 10, 655360, 11, 11, 655360, 65531, 19, 655360, 65531, 18, 655360, 65530, 18, 655360, 65530, 17, 655360, 65530, 19, 655360, 65530, 20, 655360, 65531, 20, 655360, 65531, 17, 655360, 65529, 18, 655360, 65529, 17, 655360, 65529, 19, 655360, 65529, 20, 655360, 65528, 19, 655360, 65528, 20, 655360, 65528, 18, 655360, 65528, 17, 655360, 65531, 24, 655360, 65530, 24, 655360, 65529, 24, 655360, 65528, 24, 655360, 65528, 25, 655360, 65528, 26, 655360, 65529, 26, 655360, 65529, 27, 655360, 65530, 27, 655360, 65530, 26, 655360, 65531, 26, 655360, 65531, 25, 655360, 65530, 25, 655360, 65529, 25, 655360, 65528, 27, 655360, 65531, 28, 655360, 65531, 27, 655360, 65530, 28, 655360, 65529, 28, 655360, 65528, 28, 655360, 65535, 20, 655360, 65535, 19, 655360, 65535, 18, 655360, 0, 18, 655360, 1, 18, 655360, 0, 19, 655360, 1, 19, 655360, 1, 20, 655360, 0, 20, 655360, 65535, 28, 655360, 65535, 27, 655360, 65535, 26, 655360, 65535, 25, 655360, 65535, 24, 655360, 65535, 23, 655360, 0, 23, 655360, 1, 23, 655360, 2, 23, 655360, 2, 24, 655360, 3, 24, 655360, 4, 24, 655360, 5, 24, 655360, 5, 23, 655360, 4, 23, 655360, 3, 23, 655360, 1, 24, 655360, 0, 24, 655360, 0, 25, 655360, 0, 26, 655360, 0, 27, 655360, 1, 27, 655360, 1, 28, 655360, 0, 28, 655360, 1, 26, 655360, 1, 25, 655360, 2, 25, 655360, 3, 25, 655360, 4, 25, 655360, 5, 25, 655360, 5, 26, 655360, 4, 26, 655360, 4, 27, 655360, 3, 27, 655360, 2, 27, 655360, 2, 26, 655360, 3, 26, 655360, 2, 28, 655360, 3, 28, 655360, 4, 28, 655360, 5, 28, 655360, 5, 27, 655360, 65535, 22, 655360, 0, 22, 655360, 1, 22, 655360, 2, 22, 655360, 3, 22, 655360, 4, 22, 655360, 5, 22, 655360, 4, 21, 655360, 3, 21, 655360, 2, 21, 655360, 1, 21, 655360, 0, 21, 655360, 65535, 21, 655360, 5, 21, 655360, 65531, 21, 655360, 65530, 22, 655360, 65531, 22, 655360, 65530, 23, 655360, 65530, 21, 655360, 65529, 21, 655360, 65528, 21, 655360, 65528, 22, 655360, 65529, 22, 655360, 65529, 23, 655360, 65528, 23, 655360, 65527, 17, 655360, 65527, 18, 655360, 65527, 19, 655360, 65527, 20, 655360, 65527, 25, 655360, 65527, 24, 655360, 65527, 23, 655360, 65527, 22, 655360, 65527, 21, 655360, 65527, 26, 655360, 65527, 27, 655360, 65527, 28, 655360, 65526, 28, 655360, 65526, 27, 655360, 65525, 27, 655360, 65525, 26, 655360, 65525, 25, 655360, 65525, 24, 655360, 65525, 23, 655360, 65525, 22, 655360, 65525, 21, 655360, 65525, 20, 655360, 65525, 19, 655360, 65526, 19, 655360, 65526, 18, 655360, 65526, 17, 655360, 65525, 17, 655360, 65525, 18, 655360, 65526, 21, 655360, 65526, 20, 655360, 65526, 22, 655360, 65526, 23, 655360, 65526, 24, 655360, 65526, 25, 655360, 65526, 26, 655360, 65525, 28, 655360, 65531, 23, 655360, 65525, 15, 655360, 65525, 16, 655360, 65526, 15, 655360, 65526, 16, 655360, 65527, 15, 655360, 65527, 16, 655360, 65528, 15, 655360, 65528, 16, 655360, 65529, 15, 655360, 65529, 16, 655360, 65530, 15, 655360, 65530, 16, 655360, 65531, 15, 655360, 65531, 16, 655360, 4, 14, 655361, 3, 14, 655361, 2, 14, 655361, 65535, 15, 655360, 65535, 16, 655360, 65535, 17, 655360, 0, 15, 655360, 0, 16, 655360, 0, 17, 655360, 1, 15, 655360, 1, 16, 655360, 1, 17, 655360, 2, 15, 655360, 2, 16, 655360, 2, 17, 655360, 2, 18, 655360, 2, 19, 655360, 2, 20, 655360, 3, 15, 655360, 3, 16, 655360, 3, 17, 655360, 3, 18, 655360, 3, 19, 655360, 3, 20, 655360, 4, 15, 655360, 4, 16, 655360, 4, 17, 655360, 4, 18, 655360, 4, 19, 655360, 4, 20, 655360, 5, 15, 655360, 5, 16, 655360, 5, 17, 655360, 5, 18, 655360, 5, 19, 655360, 5, 20, 655360, 6, 15, 655360, 6, 16, 655360, 6, 17, 655360, 6, 18, 655360, 6, 19, 655360, 6, 20, 655360, 6, 21, 655360, 6, 22, 655360, 6, 23, 655360, 6, 24, 655360, 6, 25, 655360, 6, 26, 655360, 6, 27, 655360, 6, 28, 655360)
}

[node name="Ceiling" type="GridMap" parent="Map"]
mesh_library = ExtResource("4_dc1hi")
cell_size = Vector3(2, 1.7, 2)
data = {
"cells": PackedInt32Array(131061, 17, 0, 131061, 18, 0, 131061, 19, 0, 131061, 20, 0, 131061, 21, 0, 131061, 22, 0, 131061, 23, 0, 131061, 24, 0, 131061, 25, 0, 131061, 26, 0, 131061, 27, 0, 131061, 28, 0, 131062, 17, 0, 131062, 18, 0, 131062, 19, 0, 131062, 20, 0, 131062, 21, 0, 131062, 22, 0, 131062, 23, 0, 131062, 24, 0, 131062, 25, 0, 131062, 26, 0, 131062, 27, 0, 131062, 28, 0, 131063, 17, 0, 131063, 18, 0, 131063, 19, 0, 131063, 20, 0, 131063, 21, 0, 131063, 22, 0, 131063, 23, 0, 131063, 24, 0, 131063, 25, 0, 131063, 26, 0, 131063, 27, 0, 131063, 28, 0, 131064, 17, 0, 131064, 18, 0, 131064, 19, 0, 131064, 20, 0, 131064, 21, 0, 131064, 22, 0, 131064, 23, 0, 131064, 24, 0, 131064, 25, 0, 131064, 26, 0, 131064, 27, 0, 131064, 28, 0, 131065, 17, 655360, 131065, 18, 0, 131065, 19, 0, 131065, 20, 0, 131065, 21, 0, 131065, 22, 0, 131065, 23, 0, 131065, 24, 0, 131065, 25, 0, 131065, 26, 0, 131065, 27, 0, 131065, 28, 0, 131066, 17, 0, 131066, 18, 0, 131066, 19, 0, 131066, 20, 0, 131066, 21, 0, 131066, 22, 0, 131066, 23, 0, 131066, 24, 0, 131066, 25, 0, 131066, 26, 0, 131066, 27, 0, 131066, 28, 0, 131067, 17, 0, 131067, 18, 0, 131067, 19, 0, 131067, 20, 0, 131067, 21, 0, 131067, 22, 0, 131067, 23, 0, 131067, 24, 0, 131067, 25, 0, 131067, 26, 0, 131067, 27, 0, 131067, 28, 0, 131068, 5, 0, 131068, 6, 0, 131068, 7, 0, 131068, 8, 0, 131068, 9, 0, 131068, 10, 0, 131068, 11, 0, 131068, 12, 0, 131068, 13, 0, 131068, 14, 0, 131068, 15, 0, 131068, 16, 0, 131068, 17, 0, 131068, 18, 0, 131068, 19, 0, 131068, 20, 0, 131068, 21, 0, 131068, 22, 0, 131068, 23, 0, 131068, 24, 0, 131068, 25, 0, 131068, 26, 0, 131068, 27, 0, 131068, 28, 0, 131069, 5, 0, 131069, 6, 0, 131069, 7, 0, 131069, 8, 0, 131069, 9, 0, 131069, 10, 0, 131069, 11, 0, 131069, 12, 0, 131069, 13, 0, 131069, 14, 0, 131069, 15, 0, 131069, 16, 0, 131069, 17, 0, 131069, 18, 0, 131069, 19, 0, 131069, 20, 0, 131069, 21, 0, 131069, 22, 0, 131069, 23, 0, 131069, 24, 0, 131069, 25, 0, 131069, 26, 0, 131069, 27, 0, 131069, 28, 0, 131070, 5, 0, 131070, 6, 0, 131070, 7, 0, 131070, 8, 0, 131070, 9, 0, 131070, 10, 0, 131070, 11, 0, 131070, 12, 0, 131070, 13, 0, 131070, 14, 0, 131070, 15, 0, 131070, 16, 0, 131070, 17, 0, 131070, 18, 0, 131070, 19, 0, 131070, 20, 0, 131070, 21, 0, 131070, 22, 0, 131070, 23, 0, 131070, 24, 0, 131070, 25, 0, 131070, 26, 0, 131070, 27, 0, 131070, 28, 0, 131071, 5, 0, 131071, 6, 0, 131071, 7, 0, 131071, 8, 0, 131071, 9, 0, 131071, 10, 0, 131071, 11, 0, 131071, 12, 0, 131071, 13, 0, 131071, 14, 0, 131071, 18, 0, 131071, 19, 0, 131071, 20, 0, 131071, 21, 0, 131071, 22, 0, 131071, 23, 0, 131071, 24, 0, 131071, 25, 0, 131071, 26, 0, 131071, 27, 0, 131071, 28, 0, 65536, 65534, 0, 65536, 65535, 0, 65536, 0, 0, 65536, 1, 0, 65536, 2, 0, 65536, 3, 0, 65536, 4, 0, 65536, 5, 0, 65536, 6, 0, 65536, 7, 0, 65536, 8, 0, 65536, 9, 0, 65536, 10, 0, 65536, 11, 0, 65536, 12, 0, 65536, 13, 0, 65536, 14, 0, 65536, 18, 0, 65536, 19, 0, 65536, 20, 0, 65536, 21, 0, 65536, 22, 0, 65536, 23, 0, 65536, 24, 0, 65536, 25, 0, 65536, 26, 0, 65536, 27, 0, 65536, 28, 0, 65537, 65534, 0, 65537, 65535, 0, 65537, 0, 0, 65537, 1, 0, 65537, 2, 0, 65537, 3, 0, 65537, 4, 0, 65537, 5, 0, 65537, 6, 0, 65537, 7, 0, 65537, 8, 0, 65537, 9, 0, 65537, 10, 0, 65537, 11, 0, 65537, 12, 0, 65537, 13, 0, 65537, 14, 0, 65537, 18, 0, 65537, 19, 0, 65537, 20, 655360, 65537, 21, 655360, 65537, 22, 655360, 65537, 23, 0, 65537, 24, 0, 65537, 25, 0, 65537, 26, 0, 65537, 27, 0, 65537, 28, 0, 65538, 65534, 0, 65538, 65535, 0, 65538, 0, 0, 65538, 1, 0, 65538, 2, 0, 65538, 3, 0, 65538, 4, 0, 65538, 5, 0, 65538, 6, 0, 65538, 7, 0, 65538, 8, 0, 65538, 9, 0, 65538, 10, 0, 65538, 11, 0, 65538, 12, 0, 65538, 13, 0, 65538, 14, 655360, 65538, 21, 655360, 65538, 22, 0, 65538, 23, 0, 65538, 24, 0, 65538, 25, 0, 65538, 26, 0, 65538, 27, 0, 65538, 28, 0, 65539, 5, 0, 65539, 6, 0, 65539, 7, 0, 65539, 8, 0, 65539, 9, 0, 65539, 10, 0, 65539, 11, 0, 65539, 12, 0, 65539, 13, 655360, 65539, 14, 655360, 65539, 21, 655360, 65539, 22, 655360, 65539, 23, 655360, 65539, 24, 655360, 65539, 25, 0, 65539, 26, 0, 65539, 27, 0, 65539, 28, 0, 65540, 5, 0, 65540, 6, 0, 65540, 7, 0, 65540, 8, 0, 65540, 9, 0, 65540, 10, 0, 65540, 11, 0, 65540, 12, 0, 65540, 13, 0, 65540, 14, 655360, 65540, 21, 655360, 65540, 22, 655360, 65540, 23, 655360, 65540, 24, 0, 65540, 25, 0, 65540, 26, 0, 65540, 27, 0, 65540, 28, 0, 65541, 5, 0, 65541, 6, 0, 65541, 7, 0, 65541, 8, 0, 65541, 9, 0, 65541, 10, 0, 65541, 11, 0, 65541, 12, 0, 65541, 13, 0, 65541, 14, 655360, 65541, 21, 655360, 65541, 22, 655360, 65541, 23, 655360, 65541, 24, 655360, 65541, 25, 0, 65541, 26, 0, 65541, 27, 0, 65541, 28, 0, 65542, 5, 0, 65542, 6, 0, 65542, 7, 0, 65542, 8, 0, 65542, 9, 0, 65542, 10, 0, 65542, 11, 0, 65542, 12, 0, 65542, 13, 0, 65542, 14, 0, 65543, 9, 0, 65543, 10, 0, 65543, 11, 0, 65544, 9, 0, 65544, 10, 0, 65544, 11, 0, 65545, 9, 0, 65545, 10, 0, 65545, 11, 0, 65546, 9, 0, 65546, 10, 0, 65546, 11, 0, 65547, 9, 0, 65547, 10, 0, 65547, 11, 0, 65536, 17, 655360, 131071, 17, 655360, 131071, 16, 655360, 131071, 15, 655360, 65536, 15, 655360, 65536, 16, 655360, 65537, 17, 655360, 65537, 16, 655360, 65537, 15, 655360, 65542, 15, 655360, 65542, 28, 655360, 65542, 27, 655360, 65542, 26, 655360, 65542, 25, 655360, 65542, 24, 655360, 65542, 23, 655360, 65542, 22, 655360, 65542, 21, 655360, 65542, 20, 655360, 65542, 19, 655360, 65542, 18, 655360, 65542, 17, 655360, 65542, 16, 655360, 65541, 20, 655360, 65541, 19, 655360, 65541, 18, 655360, 65541, 17, 655360, 65541, 16, 655360, 65541, 15, 655360, 65540, 15, 655360, 65540, 16, 655360, 65540, 17, 655360, 65540, 18, 655360, 65540, 19, 655360, 65540, 20, 655360, 65539, 15, 655360, 65539, 16, 655360, 65539, 17, 655360, 65539, 18, 655360, 65539, 19, 655360, 65539, 20, 655360, 65538, 16, 655360, 65538, 15, 655360, 65538, 17, 655360, 65538, 18, 655360, 65538, 19, 655360, 65538, 20, 655360, 131067, 16, 655360, 131067, 15, 655360, 131066, 16, 655360, 131066, 15, 655360, 131065, 15, 655360, 131065, 16, 655360, 131064, 16, 655360, 131063, 16, 655360, 131062, 16, 655360, 131061, 16, 655360, 131062, 15, 655360, 131063, 15, 655360, 131064, 15, 655360, 131061, 15, 655360)
}
metadata/_editor_floor_ = Vector3(0, 1, 0)

[node name="Doors" type="Node3D" parent="Map"]

[node name="Door_1" parent="Map/Doors" instance=ExtResource("5_ph1bj")]
transform = Transform3D(0.535827, 0, -0.844328, 0, 1, 0, 0.844328, 0, 0.535827, 13.953, 0, 20.5176)

[node name="Door_2" parent="Map/Doors" instance=ExtResource("5_ph1bj")]
transform = Transform3D(0.955278, 0, -0.295708, 0, 1, 0, 0.295708, 0, 0.955278, -1.87729, 0, 34.525)

[node name="Door_3" parent="Map/Doors" instance=ExtResource("5_ph1bj")]
transform = Transform3D(0.854459, 0, 0.519519, 0, 1, 0, -0.519519, 0, 0.854459, -1.88604, 0, 50.5055)

[node name="Door_swing" parent="Map/Doors" instance=ExtResource("6_2fcvd")]
transform = Transform3D(-0.0540788, 0, -0.998537, 0, 1, 0, 0.998537, 0, -0.0540788, -6, 0, 30.0172)

[node name="Door_swing2" parent="Map/Doors" instance=ExtResource("6_2fcvd")]
transform = Transform3D(0.690643, 0, -0.723196, 0, 1, 0, 0.723196, 0, 0.690643, -4.0078, 0, 30.0172)

[node name="Door_swing3" parent="Map/Doors" instance=ExtResource("6_2fcvd")]
transform = Transform3D(-1, 0, 8.74228e-08, 0, 1, 0, -8.74228e-08, 0, -1, -8.04961, 0, 37.0489)

[node name="Door_swing4" parent="Map/Doors" instance=ExtResource("6_2fcvd")]
transform = Transform3D(-0.948694, 0, -0.316196, 0, 1, 0, 0.316196, 0, -0.948694, -7.98824, 0, 38.9762)

[node name="Door_4" parent="Map/Doors" instance=ExtResource("5_ph1bj")]
transform = Transform3D(-0.909236, 0, 0.416281, 0, 1, 0, -0.416281, 0, -0.909236, -8.09993, 0, 51.5406)

[node name="Decore" type="Node3D" parent="Map"]
transform = Transform3D(0.666667, 0, 0, 0, 0.666667, 0, 0, 0, 0.666667, 0, 0, 0)

[node name="Beds" type="Node3D" parent="Map/Decore"]

[node name="Bed" parent="Map/Decore/Beds" instance=ExtResource("7_wtdue")]
transform = Transform3D(-0.736192, 0, 0.676773, 0, 1, 0, -0.676773, 0, -0.736192, -30.4916, 0.731004, 85)

[node name="Bed2" parent="Map/Decore/Beds" instance=ExtResource("7_wtdue")]
transform = Transform3D(-0.81246, 0, -0.583016, 0, 1, 0, 0.583016, 0, -0.81246, -25.0091, 0.799859, 79.7945)

[node name="Bed3" parent="Map/Decore/Beds" instance=ExtResource("7_wtdue")]
transform = Transform3D(-0.649727, 0, -0.760168, 0, 1, 0, 0.760168, 0, -0.649727, -13.8645, 0.700289, 85)

[node name="Bed4" parent="Map/Decore/Beds" instance=ExtResource("7_wtdue")]
transform = Transform3D(-0.618312, 0, 0.785932, 0, 1, 0, -0.785932, 0, -0.618312, -30.309, 0.731004, 71)

[node name="Bed5" parent="Map/Decore/Beds" instance=ExtResource("7_wtdue")]
transform = Transform3D(0.86262, 0, 0.505853, 0, 1, 0, -0.505853, 0, 0.86262, -23, 0.799859, 71)

[node name="Bed6" parent="Map/Decore/Beds" instance=ExtResource("7_wtdue")]
transform = Transform3D(0.777322, 0, 0.629103, 0, 1, 0, -0.629103, 0, 0.777322, -13.895, 0.700289, 71.6088)

[node name="Bed9" parent="Map/Decore/Beds" instance=ExtResource("7_wtdue")]
transform = Transform3D(-0.736192, 0, 0.676773, 0, 1, 0, -0.676773, 0, -0.736192, -0.260674, 0.714257, 85.1933)

[node name="Bed10" parent="Map/Decore/Beds" instance=ExtResource("7_wtdue")]
transform = Transform3D(-0.81246, 0, -0.583016, 0, 1, 0, 0.583016, 0, -0.81246, 5.22183, 0.783112, 79.9878)

[node name="Bed11" parent="Map/Decore/Beds" instance=ExtResource("7_wtdue")]
transform = Transform3D(-0.649727, 0, -0.760168, 0, 1, 0, 0.760168, 0, -0.649727, 16.3664, 0.683542, 85.1933)

[node name="Bed12" parent="Map/Decore/Beds" instance=ExtResource("7_wtdue")]
transform = Transform3D(2.70315e-08, 0.618408, 0.785856, 0.999999, -4.37114e-08, 0, 3.43509e-08, 0.785857, -0.618408, -0.0780745, 0.932524, 71.1933)

[node name="Bed13" parent="Map/Decore/Beds" instance=ExtResource("7_wtdue")]
transform = Transform3D(0.86262, 0, 0.505853, 0, 1, 0, -0.505853, 0, 0.86262, 7.23093, 0.783112, 71.1933)

[node name="Bed14" parent="Map/Decore/Beds" instance=ExtResource("7_wtdue")]
transform = Transform3D(0.777322, 0, 0.629103, 0, 1, 0, -0.629103, 0, 0.777322, 16.3359, 0.683542, 71.8021)

[node name="Bed15" parent="Map/Decore/Beds" instance=ExtResource("7_wtdue")]
transform = Transform3D(-0.0071044, 0.814085, -0.580703, -0.999962, -0.00872653, 0, -0.00506752, 0.580681, 0.814116, 16.3359, 0.920898, 63.0002)

[node name="Bed7" parent="Map/Decore/Beds" instance=ExtResource("7_wtdue")]
transform = Transform3D(-0.736192, 0, 0.676773, 0, 1, 0, -0.676773, 0, -0.736192, 4.10984, 0.731004, 48.2803)

[node name="Bed8" parent="Map/Decore/Beds" instance=ExtResource("7_wtdue")]
transform = Transform3D(-0.736192, 0, 0.676773, 0, 1, 0, -0.676773, 0, -0.736192, 22.7277, 0.817914, 32.132)

[node name="Misc" type="Node3D" parent="Map/Decore"]

[node name="Benches" type="Node3D" parent="Map/Decore/Misc"]

[node name="Bench" parent="Map/Decore/Misc/Benches" instance=ExtResource("8_ybued")]
transform = Transform3D(-4.37114e-08, 0, 1, 0, 1, 0, -1, 0, -4.37114e-08, -11.4992, 0.973987, 26.0167)

[node name="Bench2" parent="Map/Decore/Misc/Benches" instance=ExtResource("8_ybued")]
transform = Transform3D(-4.37114e-08, 0, 1, 0, 1, 0, -1, 0, -4.37114e-08, -11.4992, 0.973987, 28.4733)

[node name="Bench3" parent="Map/Decore/Misc/Benches" instance=ExtResource("8_ybued")]
transform = Transform3D(-4.37114e-08, 0, 1, 0, 1, 0, -1, 0, -4.37114e-08, -11.4992, 0.973987, 30.9772)

[node name="Bench4" parent="Map/Decore/Misc/Benches" instance=ExtResource("8_ybued")]
transform = Transform3D(-4.37114e-08, 0, 1, 0, 1, 0, -1, 0, -4.37114e-08, -11.4992, 0.973987, 33.4274)

[node name="Bench5" parent="Map/Decore/Misc/Benches" instance=ExtResource("8_ybued")]
transform = Transform3D(-4.37114e-08, 0, 1, 0, 1, 0, -1, 0, -4.37114e-08, -4.98206, 0.973987, 26.0167)

[node name="Bench6" parent="Map/Decore/Misc/Benches" instance=ExtResource("8_ybued")]
transform = Transform3D(-4.37114e-08, 0, 1, 0, 1, 0, -1, 0, -4.37114e-08, -4.98206, 0.973987, 28.4733)

[node name="Bench7" parent="Map/Decore/Misc/Benches" instance=ExtResource("8_ybued")]
transform = Transform3D(-4.37114e-08, 0, 1, 0, 1, 0, -1, 0, -4.37114e-08, -4.98206, 0.973987, 30.9772)

[node name="Bench8" parent="Map/Decore/Misc/Benches" instance=ExtResource("8_ybued")]
transform = Transform3D(-4.37114e-08, 0, 1, 0, 1, 0, -1, 0, -4.37114e-08, -4.98206, 0.973987, 33.4274)

[node name="Bench9" parent="Map/Decore/Misc/Benches" instance=ExtResource("8_ybued")]
transform = Transform3D(-4.37114e-08, 0, -1, 0, 1, 0, 1, 0, -4.37114e-08, -5.84726, 0.973987, 26.0167)

[node name="Bench10" parent="Map/Decore/Misc/Benches" instance=ExtResource("8_ybued")]
transform = Transform3D(-4.37114e-08, 0, -1, 0, 1, 0, 1, 0, -4.37114e-08, -5.84726, 0.973987, 28.4733)

[node name="Bench11" parent="Map/Decore/Misc/Benches" instance=ExtResource("8_ybued")]
transform = Transform3D(-4.37114e-08, 0, -1, 0, 1, 0, 1, 0, -4.37114e-08, -5.84726, 0.973987, 30.9772)

[node name="Bench12" parent="Map/Decore/Misc/Benches" instance=ExtResource("8_ybued")]
transform = Transform3D(-4.37114e-08, 0, -1, 0, 1, 0, 1, 0, -4.37114e-08, -5.84726, 0.973987, 33.4274)

[node name="Bench13" parent="Map/Decore/Misc/Benches" instance=ExtResource("8_ybued")]
transform = Transform3D(-4.37114e-08, 0, -1, 0, 1, 0, 1, 0, -4.37114e-08, 0.904604, 0.973987, 26.0167)

[node name="Bench14" parent="Map/Decore/Misc/Benches" instance=ExtResource("8_ybued")]
transform = Transform3D(-4.37114e-08, 0, -1, 0, 1, 0, 1, 0, -4.37114e-08, 0.904604, 0.973987, 28.4733)

[node name="Bench15" parent="Map/Decore/Misc/Benches" instance=ExtResource("8_ybued")]
transform = Transform3D(-4.37114e-08, 0, -1, 0, 1, 0, 1, 0, -4.37114e-08, 0.904604, 0.973987, 30.9772)

[node name="Bench16" parent="Map/Decore/Misc/Benches" instance=ExtResource("8_ybued")]
transform = Transform3D(-4.37114e-08, 0, -1, 0, 1, 0, 1, 0, -4.37114e-08, 0.904604, 0.973987, 33.4274)

[node name="Bench17" parent="Map/Decore/Misc/Benches" instance=ExtResource("8_ybued")]
transform = Transform3D(-4.37114e-08, 0, 1, 0, 1, 0, -1, 0, -4.37114e-08, 1.77837, 0.973987, 26.0167)

[node name="Bench18" parent="Map/Decore/Misc/Benches" instance=ExtResource("8_ybued")]
transform = Transform3D(-4.37114e-08, 0, 1, 0, 1, 0, -1, 0, -4.37114e-08, 1.77837, 0.973987, 28.4733)

[node name="Bench19" parent="Map/Decore/Misc/Benches" instance=ExtResource("8_ybued")]
transform = Transform3D(-4.37114e-08, 0, 1, 0, 1, 0, -1, 0, -4.37114e-08, 1.77837, 0.973987, 30.9772)

[node name="Bench20" parent="Map/Decore/Misc/Benches" instance=ExtResource("8_ybued")]
transform = Transform3D(-4.37114e-08, 0, 1, 0, 1, 0, -1, 0, -4.37114e-08, 1.77837, 0.973987, 33.4274)

[node name="Magazines" type="Node3D" parent="Map/Decore/Misc"]

[node name="Magazine" parent="Map/Decore/Misc/Magazines" instance=ExtResource("9_vvlhu")]
transform = Transform3D(1, 0, 0, 0, 1, 0, 0, 0, 1, 0, 0.274744, 15.4293)

[node name="Magazine2" parent="Map/Decore/Misc/Magazines" instance=ExtResource("9_vvlhu")]
transform = Transform3D(1, 0, 0, 0, 1, 0, 0, 0, 1, -9.65591, 0.289737, 18.7541)

[node name="Magazine3" parent="Map/Decore/Misc/Magazines" instance=ExtResource("9_vvlhu")]
transform = Transform3D(0.986286, 0, -0.165048, 0, 1, 0, 0.165048, 0, 0.986286, -8.99098, 0.289737, 36.6345)

[node name="Magazine19" parent="Map/Decore/Misc/Magazines" instance=ExtResource("9_vvlhu")]
transform = Transform3D(0.986286, 0, -0.165048, 0, 1, 0, 0.165048, 0, 0.986286, -8.78469, 1.26709, 29.9754)

[node name="Magazine20" parent="Map/Decore/Misc/Magazines" instance=ExtResource("9_vvlhu")]
transform = Transform3D(-0.342332, 0, 0.939579, 0, 1, 0, -0.939579, 0, -0.342332, -8.78469, 1.26709, 28.9098)

[node name="Magazine21" parent="Map/Decore/Misc/Magazines" instance=ExtResource("9_vvlhu")]
transform = Transform3D(-0.342332, 0, 0.939579, 0, 1, 0, -0.939579, 0, -0.342332, -8.07783, 1.26709, 29.5539)

[node name="Magazine22" parent="Map/Decore/Misc/Magazines" instance=ExtResource("9_vvlhu")]
transform = Transform3D(0.986286, 0, -0.165048, 0, 1, 0, 0.165048, 0, 0.986286, -8.78469, 1.26709, 29.9754)

[node name="Magazine23" parent="Map/Decore/Misc/Magazines" instance=ExtResource("9_vvlhu")]
transform = Transform3D(-0.342332, 0, 0.939579, 0, 1, 0, -0.939579, 0, -0.342332, -8.78469, 1.26709, 28.9098)

[node name="Magazine24" parent="Map/Decore/Misc/Magazines" instance=ExtResource("9_vvlhu")]
transform = Transform3D(-0.342332, 0, 0.939579, 0, 1, 0, -0.939579, 0, -0.342332, -8.07783, 1.26709, 29.5539)

[node name="Magazine25" parent="Map/Decore/Misc/Magazines" instance=ExtResource("9_vvlhu")]
transform = Transform3D(0.986286, 0, -0.165048, 0, 1, 0, 0.165048, 0, 0.986286, -2.42145, 1.26709, 29.9988)

[node name="Magazine26" parent="Map/Decore/Misc/Magazines" instance=ExtResource("9_vvlhu")]
transform = Transform3D(-0.342332, 0, 0.939579, 0, 1, 0, -0.939579, 0, -0.342332, -2.42145, 1.26709, 28.9332)

[node name="Magazine27" parent="Map/Decore/Misc/Magazines" instance=ExtResource("9_vvlhu")]
transform = Transform3D(-0.342332, 0, 0.939579, 0, 1, 0, -0.939579, 0, -0.342332, -1.71459, 1.26709, 29.5773)

[node name="Magazine4" parent="Map/Decore/Misc/Magazines" instance=ExtResource("9_vvlhu")]
transform = Transform3D(1, 0, 0, 0, 1, 0, 0, 0, 1, 7.13974, 0.274744, 15.4293)

[node name="Magazine5" parent="Map/Decore/Misc/Magazines" instance=ExtResource("9_vvlhu")]
transform = Transform3D(1, 0, 0, 0, 1, 0, 0, 0, 1, -1.85124, 0.289737, 18.7541)

[node name="Magazine6" parent="Map/Decore/Misc/Magazines" instance=ExtResource("9_vvlhu")]
transform = Transform3D(-0.857167, 0, -0.515038, 0, 1, 0, 0.515038, 0, -0.857167, -1.85124, 0.289737, 36.6345)

[node name="Magazine7" parent="Map/Decore/Misc/Magazines" instance=ExtResource("9_vvlhu")]
transform = Transform3D(1, 0, 0, 0, 1, 0, 0, 0, 1, 19.133, 0.274744, 20.33)

[node name="Magazine8" parent="Map/Decore/Misc/Magazines" instance=ExtResource("9_vvlhu")]
transform = Transform3D(0.161604, 0, -0.986856, 0, 1, 0, 0.986856, 0, 0.161604, 10.142, 0.289737, 23.6548)

[node name="Magazine9" parent="Map/Decore/Misc/Magazines" instance=ExtResource("9_vvlhu")]
transform = Transform3D(1, 0, 0, 0, 1, 0, 0, 0, 1, 10.142, 0.289737, 41.5352)

[node name="Magazine10" parent="Map/Decore/Misc/Magazines" instance=ExtResource("9_vvlhu")]
transform = Transform3D(1, 0, 0, 0, 1, 0, 0, 0, 1, -22.2377, 0.239996, 70.979)

[node name="Magazine11" parent="Map/Decore/Misc/Magazines" instance=ExtResource("9_vvlhu")]
transform = Transform3D(1, 0, 0, 0, 1, 0, 0, 0, 1, -31.2287, 0.25499, 74.3038)

[node name="Magazine12" parent="Map/Decore/Misc/Magazines" instance=ExtResource("9_vvlhu")]
transform = Transform3D(0.986286, 0, -0.165048, 0, 1, 0, 0.165048, 0, 0.986286, -31.2287, 0.25499, 92.1842)

[node name="Magazine13" parent="Map/Decore/Misc/Magazines" instance=ExtResource("9_vvlhu")]
transform = Transform3D(1, 0, 0, 0, 1, 0, 0, 0, 1, -15.0979, 0.239996, 70.979)

[node name="Magazine14" parent="Map/Decore/Misc/Magazines" instance=ExtResource("9_vvlhu")]
transform = Transform3D(1, 0, 0, 0, 1, 0, 0, 0, 1, -24.0889, 0.25499, 74.3038)

[node name="Magazine15" parent="Map/Decore/Misc/Magazines" instance=ExtResource("9_vvlhu")]
transform = Transform3D(-0.857167, 0, -0.515038, 0, 1, 0, 0.515038, 0, -0.857167, -24.0889, 0.25499, 92.1842)

[node name="Magazine16" parent="Map/Decore/Misc/Magazines" instance=ExtResource("9_vvlhu")]
transform = Transform3D(1, 0, 0, 0, 1, 0, 0, 0, 1, -3.10472, 0.239996, 75.8796)

[node name="Magazine17" parent="Map/Decore/Misc/Magazines" instance=ExtResource("9_vvlhu")]
transform = Transform3D(0.161604, 0, -0.986856, 0, 1, 0, 0.986856, 0, 0.161604, -12.0957, 0.25499, 79.2045)

[node name="Magazine18" parent="Map/Decore/Misc/Magazines" instance=ExtResource("9_vvlhu")]
transform = Transform3D(1, 0, 0, 0, 1, 0, 0, 0, 1, -12.0957, 0.25499, 97.0849)

[node name="Exit_Sign" parent="Map/Decore/Misc" instance=ExtResource("10_5i5xr")]
transform = Transform3D(1, 0, 0, 0, 1, 0, 0, 0, 1, 4.56068, 3.43272, 0)

[node name="Chair" type="Node3D" parent="Map/Decore/Misc"]

[node name="Chair" parent="Map/Decore/Misc/Chair" instance=ExtResource("11_aiged")]
transform = Transform3D(1, 0, 0, 0, 1, 0, 0, 0, 1, -0.931524, 1.03152, 15.6401)

[node name="Chair2" parent="Map/Decore/Misc/Chair" instance=ExtResource("11_aiged")]
transform = Transform3D(-2.45063e-08, 0.560639, -0.82806, -1, -4.37114e-08, 0, -3.61957e-08, 0.82806, 0.560639, -2.57273, 0.635067, 15.8969)

[node name="Chair3" parent="Map/Decore/Misc/Chair" instance=ExtResource("11_aiged")]
transform = Transform3D(-2.45063e-08, 0.560639, -0.82806, -1, -4.37114e-08, 0, -3.61957e-08, 0.82806, 0.560639, -6.14849, 0.635067, 18.6072)

[node name="Chair4" parent="Map/Decore/Misc/Chair" instance=ExtResource("11_aiged")]
transform = Transform3D(-2.45063e-08, 0.560639, -0.82806, -1, -4.37114e-08, 0, -3.61957e-08, 0.82806, 0.560639, 13.3922, 0.635067, 24.9148)

[node name="Chair5" parent="Map/Decore/Misc/Chair" instance=ExtResource("11_aiged")]
transform = Transform3D(1, 0, 0, 0, 1, 0, 0, 0, 1, -0.931524, 1.03152, 32.9553)

[node name="Chair6" parent="Map/Decore/Misc/Chair" instance=ExtResource("11_aiged")]
transform = Transform3D(-2.45063e-08, 0.560639, -0.82806, -1, -4.37114e-08, 0, -3.61957e-08, 0.82806, 0.560639, -2.57273, 0.635067, 33.2121)

[node name="Chair7" parent="Map/Decore/Misc/Chair" instance=ExtResource("11_aiged")]
transform = Transform3D(0.597417, 0.465661, -0.652881, -0.036559, 0.829104, 0.557897, 0.801097, -0.309429, 0.512345, -5.51654, 1.07568, 46.6111)

[node name="Chair8" parent="Map/Decore/Misc/Chair" instance=ExtResource("11_aiged")]
transform = Transform3D(-2.45063e-08, 0.560639, -0.82806, -1, -4.37114e-08, 0, -3.61957e-08, 0.82806, 0.560639, 13.3922, 0.635067, 42.23)

[node name="Chair9" parent="Map/Decore/Misc/Chair" instance=ExtResource("11_aiged")]
transform = Transform3D(1, 0, 0, 0, 1, 0, 0, 0, 1, 2.94688, 1.03152, 64.8237)

[node name="Chair10" parent="Map/Decore/Misc/Chair" instance=ExtResource("11_aiged")]
transform = Transform3D(-2.45063e-08, 0.560639, -0.82806, -1, -4.37114e-08, 0, -3.61957e-08, 0.82806, 0.560639, 1.30567, 0.635067, 65.0805)

[node name="Chair11" parent="Map/Decore/Misc/Chair" instance=ExtResource("11_aiged")]
transform = Transform3D(-2.45063e-08, 0.560639, -0.82806, -1, -4.37114e-08, 0, -3.61957e-08, 0.82806, 0.560639, -1.60516, 0.635067, 67.7907)

[node name="Chair12" parent="Map/Decore/Misc/Chair" instance=ExtResource("11_aiged")]
transform = Transform3D(-2.45063e-08, 0.560639, -0.82806, -1, -4.37114e-08, 0, -3.61957e-08, 0.82806, 0.560639, 17.2706, 0.635067, 74.0984)

[node name="Wheelchair" type="Node3D" parent="Map/Decore/Misc"]
transform = Transform3D(1, 0, 0, 0, 1, 0, 0, 0, 1, -10.8452, 0.685574, 48.3817)

[node name="Wheelchair" parent="Map/Decore/Misc/Wheelchair" instance=ExtResource("12_c6w0w")]
transform = Transform3D(0.64679, 0, 0.762668, 0, 1, 0, -0.762668, 0, 0.64679, 1.04333, 0, -2.01852)

[node name="Wheelchair6" parent="Map/Decore/Misc/Wheelchair" instance=ExtResource("12_c6w0w")]
transform = Transform3D(0.64679, 0, 0.762668, 0, 1, 0, -0.762668, 0, 0.64679, 9.11203, 0.0304631, -1.98674)

[node name="Wheelchair5" parent="Map/Decore/Misc/Wheelchair" instance=ExtResource("12_c6w0w")]
transform = Transform3D(0.64679, 0, 0.762668, 0, 1, 0, -0.762668, 0, 0.64679, 4.24149, 0, 10.344)

[node name="Wheelchair2" parent="Map/Decore/Misc/Wheelchair" instance=ExtResource("12_c6w0w")]
transform = Transform3D(0.64679, 0, 0.762668, 0, 1, 0, -0.762668, 0, 0.64679, 0, 0, 6.61672)

[node name="Wheelchair7" parent="Map/Decore/Misc/Wheelchair" instance=ExtResource("12_c6w0w")]
transform = Transform3D(-0.163326, 0, 0.986572, 0, 1, 0, -0.986572, 0, -0.163326, -2.97603, 0, 10.9477)

[node name="Wheelchair3" parent="Map/Decore/Misc/Wheelchair" instance=ExtResource("12_c6w0w")]
transform = Transform3D(2.45063e-08, 0.560639, -0.82806, 1, -4.37114e-08, 0, -3.61957e-08, -0.82806, -0.560639, 6.36983, 0.0412897, 13.0968)

[node name="Wheelchair4" parent="Map/Decore/Misc/Wheelchair" instance=ExtResource("12_c6w0w")]
transform = Transform3D(2.71512e-08, 0.621148, 0.783693, 1, -4.37114e-08, 0, 3.42563e-08, 0.783693, -0.621148, 6.36983, 0.0412897, 22.3113)

[node name="IV_Bag" type="Node3D" parent="Map/Decore/Misc"]

[node name="Iv_bag_holder" parent="Map/Decore/Misc/IV_Bag" instance=ExtResource("13_grit4")]
transform = Transform3D(1, 0, 0, 0, 1, 0, 0, 0, 1, 18.9153, 0.343578, 53.0132)

