[gd_scene load_steps=15 format=3 uid="uid://b3pb0kgbumydk"]

[ext_resource type="Texture2D" uid="uid://ot4d7bmjga4i" path="res://SceneModels/Campfire/fire_02.png" id="1_oufq8"]

[sub_resource type="BoxMesh" id="BoxMesh_b5him"]
size = Vector3(0.1, 0.1, 0.7)

[sub_resource type="StandardMaterial3D" id="StandardMaterial3D_y2ey3"]
albedo_color = Color(0.31285, 0.210892, 0.0746356, 1)

[sub_resource type="StandardMaterial3D" id="StandardMaterial3D_dk7h0"]
albedo_color = Color(0.313726, 0.211765, 0.0745098, 1)

[sub_resource type="Gradient" id="Gradient_t2ea5"]
colors = PackedColorArray(1, 0.392157, 0.0666667, 1, 1, 0.921569, 0.298039, 1)

[sub_resource type="GradientTexture1D" id="GradientTexture1D_y1gn1"]
gradient = SubResource("Gradient_t2ea5")

[sub_resource type="Curve" id="Curve_wcyuh"]
_data = [Vector2(0, 1), 0.0, 0.0, 0, 0, Vector2(1, 1), 0.0, 0.0, 0, 0]
point_count = 2

[sub_resource type="CurveTexture" id="CurveTexture_edg01"]
curve = SubResource("Curve_wcyuh")

[sub_resource type="Curve" id="Curve_rq1qs"]
_data = [Vector2(0, 0), 0.0, 0.0, 0, 0, Vector2(0.431579, 0.696629), 0.0, 0.0, 0, 0, Vector2(0.968421, 0), 0.0, 0.0, 0, 0]
point_count = 3

[sub_resource type="CurveTexture" id="CurveTexture_k4nt8"]
curve = SubResource("Curve_rq1qs")

[sub_resource type="ParticleProcessMaterial" id="ParticleProcessMaterial_mpjfg"]
angle_min = 1.07288e-05
angle_max = 360.0
direction = Vector3(0, 1, 0)
spread = 5.0
initial_velocity_min = 1.0
initial_velocity_max = 1.0
angular_velocity_min = -50.0
angular_velocity_max = 50.0
velocity_limit_curve = SubResource("CurveTexture_k4nt8")
gravity = Vector3(0, 0, 0)
linear_accel_min = 0.999998
linear_accel_max = 0.999998
scale_min = 2.0
scale_max = 2.0
scale_curve = SubResource("CurveTexture_edg01")
color_ramp = SubResource("GradientTexture1D_y1gn1")

[sub_resource type="StandardMaterial3D" id="StandardMaterial3D_4ds4i"]
transparency = 1
shading_mode = 0
vertex_color_use_as_albedo = true
albedo_texture = ExtResource("1_oufq8")
texture_filter = 0
billboard_mode = 3
particles_anim_h_frames = 1
particles_anim_v_frames = 1
particles_anim_loop = false

[sub_resource type="QuadMesh" id="QuadMesh_7vqbg"]
material = SubResource("StandardMaterial3D_4ds4i")

[sub_resource type="CylinderShape3D" id="CylinderShape3D_oufq8"]
height = 0.141968
radius = 0.655273

[node name="Campfire" type="StaticBody3D"]

[node name="Logs" type="Node3D" parent="."]

[node name="Log" type="MeshInstance3D" parent="Logs"]
transform = Transform3D(1, 0, 0, 0, 0.962128, 0.272599, 0, -0.272599, 0.962128, 0, 0, 0)
mesh = SubResource("BoxMesh_b5him")
skeleton = NodePath("../..")
surface_material_override/0 = SubResource("StandardMaterial3D_y2ey3")

[node name="Log2" type="MeshInstance3D" parent="Logs"]
transform = Transform3D(0.964966, -0.0715231, 0.252438, 0, 0.962128, 0.272599, -0.262374, -0.263049, 0.928421, -0.125595, 0, 0)
mesh = SubResource("BoxMesh_b5him")
skeleton = NodePath("../..")
surface_material_override/0 = SubResource("StandardMaterial3D_dk7h0")

[node name="Log3" type="MeshInstance3D" parent="Logs"]
transform = Transform3D(0.802911, -0.162496, 0.573523, -7.18956e-09, 0.962128, 0.272599, -0.596099, -0.218873, 0.772503, -0.273209, 0, 0.0566094)
mesh = SubResource("BoxMesh_b5him")
skeleton = NodePath("../..")
surface_material_override/0 = SubResource("StandardMaterial3D_dk7h0")

[node name="Log4" type="MeshInstance3D" parent="Logs"]
transform = Transform3D(0.315119, -0.258711, 0.913109, -1.91539e-08, 0.962128, 0.272599, -0.949052, -0.0859012, 0.303185, -0.353285, 0, 0.172344)
mesh = SubResource("BoxMesh_b5him")
skeleton = NodePath("../..")
surface_material_override/0 = SubResource("StandardMaterial3D_dk7h0")

[node name="Log5" type="MeshInstance3D" parent="Logs"]
transform = Transform3D(-0.294357, -0.260522, 0.919501, -3.16248e-10, 0.962128, 0.272599, -0.955695, 0.0802416, -0.283209, -0.353285, 0, 0.398152)
mesh = SubResource("BoxMesh_b5him")
skeleton = NodePath("../..")
surface_material_override/0 = SubResource("StandardMaterial3D_dk7h0")

[node name="Log6" type="MeshInstance3D" parent="Logs"]
transform = Transform3D(-0.72685, -0.18722, 0.660785, -9.08878e-09, 0.962128, 0.272599, -0.686796, 0.198139, -0.699323, -0.223186, 0, 0.505472)
mesh = SubResource("BoxMesh_b5him")
skeleton = NodePath("../..")
surface_material_override/0 = SubResource("StandardMaterial3D_dk7h0")

[node name="Log8" type="MeshInstance3D" parent="Logs"]
transform = Transform3D(-0.91222, 0.111684, -0.394184, -7.18956e-09, 0.962128, 0.272599, 0.4097, 0.248671, -0.877672, 0.135268, 0, 0.472116)
mesh = SubResource("BoxMesh_b5him")
skeleton = NodePath("../..")
surface_material_override/0 = SubResource("StandardMaterial3D_dk7h0")

[node name="Log9" type="MeshInstance3D" parent="Logs"]
transform = Transform3D(-0.700087, 0.194651, -0.687014, -1.91539e-08, 0.962128, 0.272599, 0.714057, 0.190843, -0.673573, 0.272244, 0, 0.393172)
mesh = SubResource("BoxMesh_b5him")
skeleton = NodePath("../..")
surface_material_override/0 = SubResource("StandardMaterial3D_dk7h0")

[node name="Log10" type="MeshInstance3D" parent="Logs"]
transform = Transform3D(-0.163205, 0.268944, -0.949228, -3.16248e-10, 0.962128, 0.272599, 0.986592, 0.0444896, -0.157024, 0.333284, 0, 0.266362)
mesh = SubResource("BoxMesh_b5him")
skeleton = NodePath("../..")
surface_material_override/0 = SubResource("StandardMaterial3D_dk7h0")

[node name="Log11" type="MeshInstance3D" parent="Logs"]
transform = Transform3D(0.439845, 0.244814, -0.864061, -9.08878e-09, 0.962128, 0.272599, 0.898073, -0.119901, 0.423187, 0.298057, 0, 0.0433182)
mesh = SubResource("BoxMesh_b5him")
skeleton = NodePath("../..")
surface_material_override/0 = SubResource("StandardMaterial3D_dk7h0")

[node name="Log12" type="MeshInstance3D" parent="Logs"]
transform = Transform3D(0.825094, 0.154017, -0.543598, -2.95569e-08, 0.962128, 0.272599, 0.564996, -0.22492, 0.793845, 0.152809, 0, -0.0423913)
mesh = SubResource("BoxMesh_b5him")
skeleton = NodePath("../..")
surface_material_override/0 = SubResource("StandardMaterial3D_dk7h0")

[node name="Log7" type="MeshInstance3D" parent="Logs"]
transform = Transform3D(-0.999866, 0.00445304, -0.0157169, -2.32366e-08, 0.962128, 0.272599, 0.0163356, 0.272563, -0.961999, -0.0322637, 0, 0.505472)
mesh = SubResource("BoxMesh_b5him")
skeleton = NodePath("../..")
surface_material_override/0 = SubResource("StandardMaterial3D_dk7h0")

[node name="Fire" type="Node3D" parent="."]

[node name="Flames" type="GPUParticles3D" parent="Fire"]
transform = Transform3D(1, 0, 0, 0, 1, 0, 0, 0, 1, -0.0655152, 0.332132, 0.26726)
amount = 20
process_material = SubResource("ParticleProcessMaterial_mpjfg")
draw_pass_1 = SubResource("QuadMesh_7vqbg")

[node name="OmniLight3D" type="OmniLight3D" parent="Fire"]
transform = Transform3D(1, 0, 0, 0, 1, 0, 0, 0, 1, 0, 0.761311, 0.205876)
light_color = Color(1, 0.0823529, 0.192157, 1)
omni_range = 5.52

[node name="CollisionShape3D" type="CollisionShape3D" parent="."]
transform = Transform3D(1, 0, 0, 0, 1, 0, 0, 0, 1, -0.0129207, 0.017395, 0.245168)
shape = SubResource("CylinderShape3D_oufq8")
